let map = [
  [1,1,1,1,1,1,1,1,1,1,1,1,1,1,1,1,1,1,1,1,1,1,1,1,1,1,1,1,1,1,1,1,1,1],
  [1,0,0,0,0,0,1,1,0,0,0,0,0,0,0,0,0,0,0,0,0,0,0,0,0,0,0,0,0,0,0,0,0,1],
  [1,0,0,0,0,0,2,0,0,0,0,0,2,2,0,0,0,0,0,0,0,0,0,0,0,0,0,0,0,0,0,0,0,1],
  [1,0,0,0,0,2,2,0,1,1,1,2,2,2,2,0,0,0,0,0,0,0,0,0,0,0,2,2,0,0,0,0,0,1],
  [1,0,0,0,0,0,2,0,1,1,1,1,1,2,2,2,0,0,0,0,0,0,0,0,0,0,2,2,0,0,0,0,0,1],
  [1,0,0,0,0,0,0,0,0,2,1,1,1,1,1,1,0,0,0,0,0,0,0,0,0,0,0,0,0,0,0,0,0,1],
  [1,0,0,0,0,0,0,0,0,0,2,2,1,1,0,0,0,0,0,0,0,0,0,0,2,0,2,0,2,0,0,0,0,1],
  [1,0,0,0,1,1,0,0,0,0,0,2,0,0,0,0,0,0,0,0,0,0,0,0,0,2,2,2,0,2,0,0,0,1],
  [1,0,1,1,1,1,1,0,0,0,0,0,0,0,0,0,0,0,0,0,1,1,1,0,0,2,2,2,2,0,0,0,0,1],
  [1,0,1,1,1,1,1,0,0,0,0,0,0,0,0,0,0,0,0,0,1,1,1,0,0,0,2,2,0,0,0,0,0,1],
  [1,0,0,0,0,0,0,0,0,0,0,0,0,0,0,0,0,0,1,1,1,1,1,0,0,0,0,2,0,0,0,0,0,1],
  [1,0,1,1,1,1,1,0,0,0,0,0,0,0,0,0,0,0,0,0,1,1,1,0,0,0,0,0,0,0,0,0,0,1],
  [1,0,0,0,0,0,0,0,1,1,1,0,0,0,0,0,0,0,0,0,0,0,0,0,0,0,0,0,0,0,0,0,0,1],
  [1,0,0,0,0,0,0,0,1,1,1,0,0,0,0,0,0,0,0,0,0,0,0,0,0,0,0,0,0,0,0,0,0,1],
  [1,0,0,0,0,0,0,0,1,1,1,0,0,0,0,0,0,0,0,0,0,0,0,0,0,0,0,0,0,0,0,0,0,1],
  [1,1,1,1,1,1,1,1,1,1,1,1,1,1,1,1,1,1,1,1,1,1,1,1,1,1,1,1,1,1,1,1,1,1]
];
    
var x = 51;
var y = 51;
var velocidade = 0;
var gravidade = 1.5;


var xi = 400;
var yi = 400;


var tileSize=50;
var chao = 552-tileSize;
var pulando = false;

function setup() {
  createCanvas(1700, 800);
}

function draw() {
  background(220);
  
  fill(255, 255, 0);
  for (let i = 0; i < map.length; i++) {
    for (let j = 0; j < map[i].length; j++) {
      if (map[i][j] == 1) {
        rect(j * tileSize, i * tileSize, tileSize, tileSize);
      }
      /*o 1 no mapa são as bordas do mapa o 2 são as arvores  */
      if (map[i][j] == 2) {
        ellipse(j * tileSize, i * tileSize, tileSize, tileSize);
      }
    }
  }
}
